name: clean_environment
channels:
  - anaconda
  - conda-forge
  - defaults
dependencies:
  - brotli=1.0.9=h8ffe710_6
  - brotli-bin=1.0.9=h8ffe710_6
  - ca-certificates=2020.10.14=0
  - certifi=2021.10.8=py39hcbf5309_1
  - cycler=0.11.0=pyhd8ed1ab_0
  - fonttools=4.28.1=py39hb82d6ee_0
  - freetype=2.10.4=h546665d_1
  - icu=68.2=h0e60522_0
  - intel-openmp=2020.2=254
  - jbig=2.1=h8d14728_2003
  - jpeg=9d=h8ffe710_0
  - kiwisolver=1.3.2=py39h2e07f2f_1
  - lcms2=2.12=h2a16943_0
  - lerc=3.0=h0e60522_0
  - libblas=3.9.0=12_win64_mkl
  - libbrotlicommon=1.0.9=h8ffe710_6
  - libbrotlidec=1.0.9=h8ffe710_6
  - libbrotlienc=1.0.9=h8ffe710_6
  - libcblas=3.9.0=12_win64_mkl
  - libclang=11.1.0=default_h5c34c98_1
  - libdeflate=1.8=h8ffe710_0
  - liblapack=3.9.0=12_win64_mkl
  - libpng=1.6.37=h1d00b33_2
  - libtiff=4.3.0=hd413186_2
  - libzlib=1.2.11=h8ffe710_1013
  - lz4-c=1.9.3=h8ffe710_1
  - m2w64-gcc-libgfortran=5.3.0=6
  - m2w64-gcc-libs=5.3.0=7
  - m2w64-gcc-libs-core=5.3.0=7
  - m2w64-gmp=6.1.0=2
  - m2w64-libwinpthread-git=5.0.0.4634.697f757=2
  - matplotlib=3.5.0=py39hcbf5309_0
  - matplotlib-base=3.5.0=py39h581301d_0
  - mkl=2021.4.0=h0e2418a_729
  - msys2-conda-epoch=20160418=1
  - munkres=1.1.4=pyh9f0ad1d_0
  - numpy=1.21.4=py39h6635163_0
  - olefile=0.46=pyh9f0ad1d_1
  - openjpeg=2.4.0=hb211442_1
  - openssl=1.1.1l=h8ffe710_0
  - packaging=21.3=pyhd8ed1ab_0
  - pandas=1.3.4=py39h2e25243_1
  - pillow=8.4.0=py39h916092e_0
  - pip=21.3.1=pyhd8ed1ab_0
  - pyparsing=3.0.6=pyhd8ed1ab_0
  - pyqt=5.12.3=py39hcbf5309_8
  - pyqt-impl=5.12.3=py39h415ef7b_8
  - pyqt5-sip=4.19.18=py39h415ef7b_8
  - pyqtchart=5.12=py39h415ef7b_8
  - pyqtwebengine=5.12.1=py39h415ef7b_8
  - python=3.9.7=h7840368_3_cpython
  - python-dateutil=2.8.1=py_0
  - python_abi=3.9=2_cp39
  - pytz=2020.1=py_0
  - qt=5.12.9=h5909a2a_4
  - scipy=1.7.2=py39hc0c34ad_0
  - seaborn=0.11.0=py_0
  - setuptools=59.2.0=py39hcbf5309_0
  - six=1.15.0=py_0
  - sqlite=3.36.0=h8ffe710_2
  - tbb=2021.4.0=h2d74725_1
  - tk=8.6.11=h8ffe710_1
  - tornado=6.1=py39hb82d6ee_2
  - tzdata=2021e=he74cb21_0
  - ucrt=10.0.20348.0=h57928b3_0
  - vc=14.2=hb210afc_5
  - vs2015_runtime=14.29.30037=h902a5da_5
  - wheel=0.37.0=pyhd8ed1ab_1
  - xz=5.2.5=h62dcd97_1
  - zlib=1.2.11=h8ffe710_1013
  - zstd=1.5.0=h6255e5f_0
  - pip:
    - astroid==2.8.6
    - atomicwrites==1.4.0
    - attrs==21.2.0
    - autopep8==1.6.0
    - colorama==0.4.4
    - iniconfig==1.1.1
    - isort==5.10.1
    - joblib==1.1.0
    - lazy-object-proxy==1.6.0
    - mccabe==0.6.1
    - platformdirs==2.4.0
    - pluggy==1.0.0
    - py==1.11.0
    - pycodestyle==2.8.0
    - pylint==2.11.1
    - pytest==6.2.5
    - scikit-learn==1.0.1
    - threadpoolctl==3.0.0
    - toml==0.10.2
    - typing-extensions==4.0.0
    - wrapt==1.13.3
prefix: C:\Users\JahanzaibAnwar\anaconda3\envs\clean_environment
